0.0 0.0 -0.0062541183908541229 -0.0093811775862811843 -0.017941407832061801 -0.028807749932768918 -0.031934809128195976 -0.030292914447194851 -0.029471967106694284 -0.023217848715840161 -0.012351506615133043 -0.009224447419705982 -0.004612223709852991 -0.0023061118549264955 0.0062645616976900994 0.018793685093070299 0.018793685093070299 0.018793685093070299 0.018793685093070299 0.018793685093070299 0.0062645616976900994 0.0062645616976900994 0.0062645616976900994 0.0062645616976900994 0.0 0.0 0.0 0.0 0.0 0.0 0.0 0.0 0.0 0.0 0.0 0.0 0.0 0.0 0.0 0.0 0.0 0.0 0.0 0.0 0.0 0.0 0.0 0.0 0.0 0.0 
0.0 0.0 -0.0062541183908541229 -0.0093811775862811843 -0.017941407832061801 -0.028807749932768918 -0.031113861787695415 -0.029471967106694287 -0.028651019766193719 -0.022396901375339597 -0.011530559274632477 -0.009224447419705982 -0.004612223709852991 -0.0023061118549264955 0.0062645616976900994 0.018793685093070299 0.025058246790760397 0.025058246790760397 0.025058246790760397 0.025058246790760397 0.012529123395380199 0.0062645616976900994 0.0062645616976900994 0.0062645616976900994 0.0 0.0 0.0 0.0 0.0 0.0 0.0 0.0 0.0 0.0 0.0 0.0 0.0 0.0 0.0 0.0 0.0 0.0 0.0 0.0 0.0 0.0 0.0 0.0 0.0 0.0 
0.0 0.0 0.0 -0.0031270591954270614 -0.01168728944120768 -0.022553631541914795 -0.024859743396841293 -0.024859743396841293 -0.024038796056340725 -0.017784677665486602 -0.0069183355647794865 -0.004612223709852991 -0.004612223709852991 -0.0023061118549264955 0.0062645616976900994 0.018793685093070299 0.025058246790760397 0.037587370186140598 0.037587370186140598 0.037587370186140598 0.025058246790760397 0.018793685093070299 0.0062645616976900994 0.0062645616976900994 0.0 0.0 0.0 0.0 0.0 0.0 0.0 0.0 0.0055031177721711145 0.0055031177721711145 0.0055031177721711145 0.0055031177721711145 0.0055031177721711145 0.0 0.0 0.0 0.0 0.0 0.0 0.0 0.0 0.0 0.0 0.0 0.0 0.0 
0.0 0.0 0.0 0.0 -0.0085602302457806183 -0.019426572346487734 -0.021732684201414228 -0.021732684201414228 -0.021732684201414228 -0.015478565810560105 -0.004612223709852991 -0.0023061118549264955 -0.0023061118549264955 -0.0023061118549264955 0.0062645616976900994 0.018793685093070299 0.025058246790760397 0.037587370186140598 0.0438519318838307 0.0438519318838307 0.031322808488450496 0.025058246790760397 0.012529123395380199 0.0062645616976900994 0.0 0.0 0.0 0.0 0.0 0.0 0.0 0.0 0.0055031177721711145 0.0082546766582566721 0.0082546766582566721 0.0082546766582566721 0.0082546766582566721 0.0027515588860855572 0.0 0.0 0.0 0.0 0.0 0.0 0.0 0.0 0.0 0.0 0.0 0.0 
0.0 0.0 0.0 0.0 0.0 -0.010866342100707114 -0.013172453955633609 -0.013172453955633609 -0.013172453955633609 -0.013172453955633609 -0.0023061118549264955 0.0 0.0 0.0 0.0 0.012529123395380199 0.018793685093070299 0.031322808488450496 0.037587370186140598 0.037587370186140598 0.025058246790760397 0.018793685093070299 0.0062645616976900994 0.0 0.0 0.0 0.0 0.0 0.0 0.0 0.0 0.0 0.0055031177721711145 0.0082546766582566721 0.018309986628812294 0.018309986628812294 0.018309986628812294 0.012806868856641181 0.010055309970555624 0.0 0.0 0.0 0.0 0.0 0.0 0.0 0.0 0.0 0.0 0.0 
0.0 0.0 0.0 0.0 0.0 0.0 -0.0023061118549264955 -0.0023061118549264955 -0.0023061118549264955 -0.0023061118549264955 -0.0023061118549264955 0.0 0.0 0.0 0.0 0.0 0.0062645616976900994 0.018793685093070299 0.025058246790760397 0.025058246790760397 0.025058246790760397 0.018793685093070299 0.0062645616976900994 0.0 0.0 0.0 0.0 0.0 0.0 0.0 0.0027515588860855572 0.0027515588860855572 0.0082546766582566721 0.011006235544342229 0.021061545514897851 0.028568285816825176 0.028568285816825176 0.023065168044654062 0.020313609158568505 0.010258299188012882 0.0 0.0 0.0 0.0 0.0 0.0 0.0 0.0 0.0 0.0 
0.0 0.0 0.0 0.0 0.0 0.0 0.0 0.0 0.0 0.0 0.0 0.0 0.0 0.0 0.0 0.0 0.0 0.012529123395380199 0.018793685093070299 0.018793685093070299 0.018793685093070299 0.018793685093070299 0.0062645616976900994 0.0 0.0 0.0 0.0 0.0 0.0 0.0 0.0027515588860855572 0.0055031177721711145 0.011006235544342229 0.013757794430427786 0.023813104400983408 0.031319844702910736 0.03232165596778884 0.026818538195617723 0.024066979309532166 0.014011669338976542 0.0037533701509636615 0.0 0.0 0.0 0.0 0.0 0.0 0.0 0.0 0.0 
0.0 0.0 0.0 0.0 0.0 0.0 0.0 0.0 0.0 0.0 0.0 0.0 0.0 0.0 0.0 0.0 0.0 0.0 0.0062645616976900994 0.0062645616976900994 0.0062645616976900994 0.0062645616976900994 0.0062645616976900994 0.0 0.0 0.0 0.0 0.0 0.0 0.0 0.0027515588860855572 0.0055031177721711145 0.0077792138713633687 0.010530772757448926 0.020586082728004548 0.028092823029931872 0.029094634294809976 0.032049182398352791 0.029297623512267234 0.01924231354171161 0.0089840143536987285 0.0052306442027350679 0.0 0.0 0.0 0.0 0.0 0.0 0.0 0.0 
0.0 0.0 0.0 -0.0074829931288067746 -0.0074829931288067746 -0.0074829931288067746 -0.0074829931288067746 -0.0074829931288067746 0.0 0.0 0.0 0.0 0.0 0.0 0.0 0.0 0.0 0.0 0.0 0.0 0.0 0.0 0.0 0.0 0.0 0.0 0.0 0.0 0.0 0.0 0.0027515588860855572 0.0055031177721711145 0.0077792138713633687 0.010055309970555624 0.020110619941111248 0.027617360243038569 0.028619171507916673 0.031573719611459487 0.030774897564038641 0.020719587593483017 0.010461288405470136 0.0067079182545064751 0.0014772740517714068 0.0 0.0 0.0 0.0 0.0 0.0 0.0 
0.0 0.0 0.0 -0.0074829931288067746 -0.022448979386420324 -0.022448979386420324 -0.022448979386420324 -0.022448979386420324 -0.014965986257613549 0.0 0.0 0.0 0.0 0.0 0.0090150148046712879 0.0090150148046712879 0.0090150148046712879 0.0090150148046712879 0.0090150148046712879 0.0 0.0 0.0 0.0 0.0 0.0 0.0 0.0 0.0 0.0 0.0 0.0027515588860855572 0.0055031177721711145 0.0077792138713633687 0.010055309970555624 0.023747437536273102 0.031254177838200434 0.032255989103078538 0.035210537206621352 0.034411715159200502 0.022196861645254425 0.011938562457241543 0.0081851923062778824 0.0029545481035428136 0.0014772740517714068 0.0 0.0 0.0 0.0 0.0 0.0 
0.0 0.0 0.0 -0.0074829931288067746 -0.022448979386420324 -0.037414965644033876 -0.037414965644033876 -0.037414965644033876 -0.029931972515227098 -0.014965986257613549 0.0 0.0 0.0 0.0 0.0090150148046712879 0.027045044414013862 0.027045044414013862 0.027045044414013862 0.027045044414013862 0.018030029609342576 0.0 0.0 0.0 0.0 0.0 0.0 0.0 0.0 0.0 0.0 0.012214853513946076 0.014966412400031633 0.017242508499223888 0.019518604598416141 0.033210732164133623 0.020995878650187545 0.021997689915065649 0.024952238018608464 0.024153415971187617 0.011938562457241543 0.011938562457241543 0.0081851923062778824 0.0029545481035428136 0.0014772740517714068 0.0 0.0 0.0 0.0 0.0 0.0 
0.0 0.0 0.0 -0.0074829931288067746 -0.022448979386420324 -0.037414965644033876 -0.044897958772840654 -0.044897958772840654 -0.037414965644033876 -0.022448979386420324 -0.0074829931288067746 0.0 0.0 0.0 0.0090150148046712879 0.027045044414013862 0.036060059218685152 0.036060059218685152 0.036060059218685152 0.027045044414013862 0.0090150148046712879 0.0 0.0 0.0 0.0 0.0 0.0 0.0 0.0 0.0 0.012214853513946076 0.018322280270919113 0.02059837637011137 0.022874472469303624 0.036566600035021102 0.024351746521075027 0.018244319764101988 0.021198867867644803 0.020400045820223957 0.0081851923062778824 0.0081851923062778824 0.0081851923062778824 0.0029545481035428136 0.0014772740517714068 0.0 0.0 0.0 0.0 0.0 0.0 
0.0 0.0 0.0 -0.0074829931288067746 -0.022448979386420324 -0.037414965644033876 -0.044897958772840654 -0.05986394503045421 -0.052380951901647432 -0.037414965644033876 -0.022448979386420324 -0.014965986257613549 0.0 0.0 0.0090150148046712879 0.027045044414013862 0.036060059218685152 0.054090088828027731 0.054090088828027731 0.045075074023356441 0.027045044414013862 0.018030029609342576 0.0 0.0 0.0 0.0 0.0 0.0 0.0 0.0 0.012214853513946076 0.018322280270919113 0.030537133784865191 0.032813229884057445 0.04650535744977493 0.034290503935828852 0.028183077178855813 0.015968223664909735 0.015169401617488889 0.0029545481035428136 0.0029545481035428136 0.0029545481035428136 0.0029545481035428136 0.0014772740517714068 0.0 0.0 0.0 0.0 0.0 0.0 
0.0 0.0 0.0 0.0 -0.014965986257613549 -0.029931972515227098 -0.037414965644033876 -0.052380951901647432 -0.052380951901647432 -0.037414965644033876 -0.022448979386420324 -0.014965986257613549 0.0 0.0090150148046712879 0.018030029609342576 0.036060059218685152 0.045075074023356441 0.063105103632699014 0.054090088828027731 0.045075074023356441 0.027045044414013862 0.018030029609342576 0.0 0.0 0.0 0.0 0.0 0.0 0.0 0.0 0.012214853513946076 0.018322280270919113 0.030537133784865191 0.036644560541838227 0.050336688107555712 0.038121834593609634 0.032014407836636595 0.019799554322690521 0.013692127565717482 0.0014772740517714068 0.0014772740517714068 0.0014772740517714068 0.0014772740517714068 0.0014772740517714068 0.0 0.0 0.0 0.0 0.0 0.0 
0.0 0.0 0.0 0.0 0.0 -0.014965986257613549 -0.022448979386420324 -0.037414965644033876 -0.037414965644033876 -0.037414965644033876 -0.022448979386420324 -0.014965986257613549 0.0 0.0090150148046712879 0.018030029609342576 0.036060059218685152 0.045075074023356441 0.063105103632699014 0.054090088828027731 0.045075074023356441 0.027045044414013862 0.018030029609342576 0.0 0.0 0.0 0.0 0.0 0.0 0.0 0.0 0.012214853513946076 0.018322280270919113 0.030537133784865191 0.036644560541838227 0.036644560541838227 0.024429707027892152 0.018322280270919113 0.0061074267569730381 0.0 0.0 0.0 0.0 0.0 0.0 0.0 0.0 0.0 0.0 0.0 0.0 
0.0 0.0 0.0 0.0 0.0 0.0 -0.0074829931288067746 -0.022448979386420324 -0.022448979386420324 -0.022448979386420324 -0.022448979386420324 -0.014965986257613549 0.0 0.0090150148046712879 0.018030029609342576 0.018030029609342576 0.027045044414013862 0.045075074023356441 0.036060059218685152 0.027045044414013862 0.027045044414013862 0.018030029609342576 0.0 0.0 0.0 0.0 0.0 0.0 0.0 0.0 0.0 0.0061074267569730381 0.018322280270919113 0.024429707027892152 0.024429707027892152 0.024429707027892152 0.018322280270919113 0.0061074267569730381 0.0 0.0 0.0 0.0 0.0 0.0 0.0 0.0 0.0 0.0 0.0 0.0 
0.0 0.0 0.0 0.0 0.0 0.0 -0.0050080345818221267 -0.019974020839435676 -0.019974020839435676 -0.019974020839435676 -0.019974020839435676 -0.014965986257613549 0.0 0.0090150148046712879 0.018030029609342576 0.018030029609342576 0.018030029609342576 0.036060059218685152 0.027045044414013862 0.018030029609342576 0.018030029609342576 0.018030029609342576 0.0 0.0 0.0 0.0 0.0 0.0 0.0 0.0 0.0 0.0 0.012214853513946076 0.018322280270919113 0.018322280270919113 0.018322280270919113 0.018322280270919113 0.0061074267569730381 0.0 0.0 0.0 0.0 0.0 0.0 0.0 0.0 0.0 0.0 0.0 0.0 
0.0 0.0 0.0 0.0 0.0 0.0 -0.0050080345818221267 -0.01502410374546638 -0.01502410374546638 -0.01502410374546638 -0.01502410374546638 -0.010016069163644253 0.0 0.0090150148046712879 0.018030029609342576 0.018030029609342576 0.018030029609342576 0.018030029609342576 0.0090150148046712879 0.0 0.0 0.0 0.0 0.0 0.0 0.0 0.0 0.0 0.0 0.0 0.0 0.0 0.0 0.0061074267569730381 0.0061074267569730381 0.0061074267569730381 0.0061074267569730381 0.0061074267569730381 0.0 0.0 0.0 0.0 0.0 0.0 0.0 0.0 0.0 0.0 0.0 0.0 
0.0 0.0 0.0 0.0 0.0 0.0 -0.0050080345818221267 -0.01502410374546638 -0.020032138327288507 -0.020032138327288507 -0.020032138327288507 -0.01502410374546638 -0.0050080345818221267 0.0 0.0090150148046712879 0.0090150148046712879 0.0090150148046712879 0.0090150148046712879 0.0090150148046712879 0.0 0.0 0.0 0.0 0.0 0.0 0.0 0.0 0.0 0.0 0.0 0.0 0.0 0.0 0.0 0.0 0.0 0.0 0.0 0.0 0.0 0.0 0.0 0.0 0.0 0.0 0.0 0.0 0.0 0.0 0.0 
0.0 0.0 0.0 0.0 -0.0050080345818221267 -0.0050080345818221267 -0.010016069163644253 -0.020032138327288507 -0.025040172909110633 -0.025040172909110633 -0.025040172909110633 -0.020032138327288507 -0.010016069163644253 -0.0050080345818221267 0.0 0.0 0.0 0.0 0.0 0.0 0.0 0.0 0.0 0.0 0.0 0.0 0.0 0.0 0.0 0.0 0.0 0.0 0.0 0.0 0.0 0.0 0.0 0.0 0.0 -0.0025831517450100542 -0.0025831517450100542 -0.0025831517450100542 -0.0025831517450100542 -0.0025831517450100542 0.0 0.0 0.0 0.0 0.0 0.0 
0.0 0.0 0.0 0.0 -0.0050080345818221267 -0.01502410374546638 -0.020032138327288507 -0.03004820749093276 -0.035056242072754887 -0.035056242072754887 -0.025040172909110633 -0.020032138327288507 -0.010016069163644253 -0.0050080345818221267 0.0 0.0 0.0 0.0 0.0 0.0 0.0 0.0 0.0 0.0 0.0 0.0 0.0 0.0 0.0 0.0 0.0 0.0 0.0 0.0 0.0 -0.0025831517450100542 -0.0025831517450100542 -0.0025831517450100542 -0.0025831517450100542 -0.0051663034900201084 -0.0025831517450100542 -0.0025831517450100542 -0.0025831517450100542 -0.0025831517450100542 0.0 0.0 0.0 0.0 0.0 0.0 
0.0 0.0 0.0 0.0 -0.0050080345818221267 -0.01502410374546638 -0.01502410374546638 -0.025040172909110633 -0.03004820749093276 -0.03004820749093276 -0.020032138327288507 -0.020032138327288507 -0.010016069163644253 -0.0050080345818221267 0.0 0.0 0.0 0.0 0.0 0.0 0.0 0.0 0.0 0.0 0.0 0.0 0.0 0.0 0.0 0.0 0.0 0.0 0.0 0.0 0.0 -0.0025831517450100542 -0.0038747276175150813 -0.0038747276175150813 -0.0038747276175150813 -0.0064578793625251355 -0.0038747276175150813 -0.0025831517450100542 -0.0025831517450100542 -0.0025831517450100542 0.0 0.0 0.0 0.0 0.0 0.0 
0.0 0.0 0.0 0.0 -0.0050080345818221267 -0.01502410374546638 -0.01502410374546638 -0.01502410374546638 -0.020032138327288507 -0.020032138327288507 -0.010016069163644253 -0.010016069163644253 -0.010016069163644253 -0.0050080345818221267 0.0 0.0 0.0 0.0 0.0 0.0 0.0 0.0 0.0 0.0 0.0 0.0 0.0 0.0 0.0 0.0 0.0 0.0 0.0 0.0 0.0 -0.0025831517450100542 -0.0038747276175150813 -0.0064578793625251355 -0.0064578793625251355 -0.0090410311075351905 -0.0064578793625251355 -0.0051663034900201084 -0.0025831517450100542 -0.0025831517450100542 0.0 0.0 0.0 0.0 0.0 0.0 
0.0035638499393358552 0.0035638499393358552 0.0035638499393358552 0.0 -0.0050080345818221267 -0.01502410374546638 -0.01502410374546638 -0.01502410374546638 -0.01502410374546638 -0.01502410374546638 -0.0050080345818221267 -0.0050080345818221267 -0.0050080345818221267 -0.0050080345818221267 0.0 0.0 0.0 0.0 0.0 0.0 0.0 0.0 0.0 0.0 0.0 0.0 0.0 0.0 0.0 0.0 0.0 0.0 0.0 0.0 0.0 -0.0025831517450100542 -0.0038747276175150813 -0.0064578793625251355 -0.0077494552350301626 -0.010332606980040217 -0.0077494552350301626 -0.0064578793625251355 -0.0038747276175150813 -0.0025831517450100542 0.0 0.0 0.0 0.0 0.0 0.0 
0.010691549818007566 0.010691549818007566 0.010691549818007566 0.0071276998786717104 0.0 -0.010016069163644253 -0.010016069163644253 -0.010016069163644253 -0.010016069163644253 -0.010016069163644253 0.0 0.0 0.0 0.0 0.0 0.0 0.0 0.0 0.0 0.0 0.0 0.0 0.0 0.0 0.0 0.0 0.0 0.0 0.0 0.0 0.0 0.0 0.0 0.0 0.0 -0.0025831517450100542 -0.0038747276175150813 -0.0064578793625251355 -0.0077494552350301626 -0.0077494552350301626 -0.0051663034900201084 -0.0038747276175150813 -0.0012915758725050271 0.0 0.0 0.0 0.0 0.0 0.0 0.0 
0.017819249696679276 0.017819249696679276 0.017819249696679276 0.014255399757343421 0.0071276998786717104 0.0 0.0 0.0 0.0 0.0 0.0 0.0 0.0 0.0 0.0 0.0 0.0 0.0 0.0 0.0 0.0 0.0 0.0 0.0 0.0 0.0 0.0 0.0 0.0 0.0 0.0 0.0 0.0 0.0 0.0 0.0 -0.0012915758725050271 -0.0038747276175150813 -0.0051663034900201084 -0.0051663034900201084 -0.0051663034900201084 -0.0038747276175150813 -0.0012915758725050271 0.0 0.0 0.014073732223049189 0.014073732223049189 0.014073732223049189 0.014073732223049189 0.014073732223049189 
0.017819249696679276 0.021383099636015132 0.021383099636015132 0.017819249696679276 0.010691549818007566 0.0035638499393358552 0.0 0.0 0.0 0.0 0.0 0.0 0.0 0.0 0.0 0.0 0.0 0.0 0.0 0.0 0.0 0.0 0.0 0.0 0.0 0.0 0.0 0.0 0.0 0.0 0.0 0.0 0.0 0.0 0.0 0.0 0.0 -0.0025831517450100542 -0.0038747276175150813 -0.0038747276175150813 -0.0038747276175150813 -0.0038747276175150813 -0.0012915758725050271 0.0 0.0 0.014073732223049189 0.021110598334573783 0.021110598334573783 0.021110598334573783 0.021110598334573783 
0.024946949575350989 0.028510799514686845 0.021383099636015132 0.017819249696679276 0.010691549818007566 0.0035638499393358552 0.0 0.0 0.0 0.0 0.0 0.0 0.0 0.0 0.0 0.0 0.0 0.0 0.0 0.0 0.0 0.0 0.0 0.0 0.0 0.0 0.0 0.0 0.0 0.0 0.0 0.0 0.0 0.0 0.0 0.0 0.0 0.0 -0.0012915758725050271 -0.0012915758725050271 -0.0012915758725050271 -0.0012915758725050271 -0.0012915758725050271 0.0 0.0 0.014073732223049189 0.021110598334573783 0.035184330557622975 0.035184330557622975 0.035184330557622975 
0.021383099636015132 0.024946949575350989 0.017819249696679276 0.017819249696679276 0.010691549818007566 0.0035638499393358552 0.0 0.0 0.0 0.0 0.0 0.0 0.0 0.0 0.0 0.0 0.0 0.0 0.0 0.0 0.0 0.0 0.0 0.0 0.0 0.0 0.0 0.0 0.0 0.0 0.0 0.0 0.0 0.0 0.0 0.0 0.0 0.0 0.0 0.0 0.0 0.0 0.0 0.0 0.0 0.014073732223049189 0.021110598334573783 0.035184330557622975 0.042221196669147573 0.042221196669147573 
0.014255399757343421 0.017819249696679276 0.010691549818007566 0.010691549818007566 0.010691549818007566 0.0035638499393358552 0.0 0.0 0.0 0.0 0.0 0.0 0.0 0.0 0.0 0.0 0.0 0.0 0.0 0.0 0.0 0.0 0.0 0.0 0.0 0.0 0.0 0.0 0.0 0.0 0.0 0.0 0.0 0.0 0.0 0.0 0.0 0.0 0.0 0.0 0.0 0.0 0.0 0.0 0.014073732223049189 0.028147464446098377 0.035184330557622975 0.049258062780672171 0.056294928892196769 0.042221196669147573 
0.0071276998786717104 0.010691549818007566 0.0035638499393358552 0.0035638499393358552 0.0035638499393358552 0.0035638499393358552 0.0 0.0 0.0 0.0 0.0 0.0 0.0 0.0 0.0 0.0 0.0 0.0 0.0 0.0 0.0 0.0 0.0 0.0 0.0 0.0 0.0 0.0 0.0 0.0 0.0 0.0 0.0 0.0 0.0 0.0 0.0 0.0 0.0 0.0 0.0 0.0 0.0 0.0 0.014073732223049189 0.014073732223049189 0.021110598334573783 0.035184330557622975 0.042221196669147573 0.028147464446098377 
0.0071276998786717104 0.0071276998786717104 0.0 0.0 0.0 0.0 0.0 0.0 0.0 0.0 0.0 0.0 0.0 0.0 0.0 0.0 0.0 0.0 0.0 0.0 0.0 0.0 0.0 0.0 0.0 0.0 0.0 0.0 0.0 0.0 0.0 0.0 0.0 0.0 0.0 0.0 0.0 0.0 0.0 0.0 0.0 0.0 0.0 0.0 0.014073732223049189 0.014073732223049189 0.021981464298514972 0.036055196521564165 0.043092062633088762 0.029018330410039567 
0.0 0.0 0.0 0.0 0.0 0.0 0.0 0.0 0.0 0.0 0.0 0.0 0.0 0.0 0.0 0.0 0.0 0.0 0.0 0.0 0.0 0.0 0.0 0.0 0.0 0.0 0.0 0.0 0.0 0.0 0.0 0.0 0.0 0.0 0.0 0.0 0.0 0.0 0.0 0.0 0.0 0.0 0.0 0.0 0.014073732223049189 0.014073732223049189 0.021981464298514972 0.037796928449446543 0.044833794560971141 0.030760062337921945 
0.0 0.0 0.0 0.0 0.0 0.0 0.0 0.0 0.0 0.0 0.0 0.0 0.0 -0.0026539320465660669 -0.0026539320465660669 -0.0026539320465660669 -0.0026539320465660669 -0.0026539320465660669 0.0 0.0 0.0 0.0 0.0 0.0 0.0 0.0 0.0 0.0 0.0 0.0 0.0 0.0 0.0 0.0 0.0 0.0 0.0 0.0 0.0 0.0 0.0 0.0 0.0 0.0079077320754657836 0.021981464298514972 0.021981464298514972 0.029889196373980756 0.04570466052491233 0.037796928449446543 0.023723196226397351 
0.0 0.0 0.0 0.0 0.0 0.0 0.0 0.0 0.0 0.0 0.0 0.0 0.0 -0.0026539320465660669 -0.0079617961396982011 -0.0079617961396982011 -0.0079617961396982011 -0.0079617961396982011 -0.0053078640931321338 0.0 0.0 0.0 0.0 0.0 0.0 0.0 0.0 0.0 0.0 0.0 0.0 0.0 0.0 0.0 0.0 0.0 0.0 0.0 0.0 0.0 0.0 0.0 0.0 0.0079077320754657836 0.023723196226397351 0.023723196226397351 0.031630928301863134 0.047446392452794708 0.039538660377328921 0.023723196226397351 
0.0 0.0 0.0 0.0 0.0 0.0 0.0 0.0 0.0 0.0 0.0 0.0 0.0 -0.0026539320465660669 -0.0079617961396982011 -0.021041461258356691 -0.021041461258356691 -0.021041461258356691 -0.018387529211790623 -0.013079665118658487 0.0 0.0 0.0 0.0 0.0 0.0 0.0 0.0 0.0 0.0 0.0 0.0 0.0 0.0 0.0 0.0 0.0 0.0 0.0 0.0 0.0 0.0 0.0 0.0079077320754657836 0.023723196226397351 0.063566693701994456 0.071474425777460243 0.087289889928391817 0.07938215785292603 0.063566693701994456 
0.0 0.0 0.0 0.0 0.0 0.0 0.0 0.0 0.0 0.0 0.0 0.0 0.0 -0.0026539320465660669 -0.0079617961396982011 -0.021041461258356691 -0.031467194330449109 -0.031467194330449109 -0.028813262283883041 -0.023505398190750905 -0.01042573307209242 -0.012563349868064976 -0.012563349868064976 -0.012563349868064976 -0.012563349868064976 -0.012563349868064976 0.0 0.0 0.0 0.0 0.0 0.0 0.0 0.0 0.0 0.0 0.0 0.0 0.0 0.0 0.0 0.0 0.0 0.0079077320754657836 0.023723196226397351 0.063566693701994456 0.075580710364327217 0.091396174515258791 0.083488442439793004 0.06767297828886143 
0.0 0.0 0.0 0.0 0.0 0.0 0.0 0.0 0.0 0.0 0.0 0.0 -0.0053078640931321338 -0.0079617961396982011 -0.013269660232830334 -0.026349325351488827 -0.036775058423581246 -0.047010796381501824 -0.044356864334935756 -0.039049000241803612 -0.025969335123145129 -0.028106951919117683 -0.037690049604194927 -0.037690049604194927 -0.037690049604194927 -0.037690049604194927 -0.025126699736129951 0.0 0.0 0.0 0.0 0.0 0.0 0.0 0.0 0.0 0.0 0.0 0.0 0.0 0.0 0.0 0.0 0.0079077320754657836 0.023723196226397351 0.063566693701994456 0.075580710364327217 0.099608743688992737 0.09170101161352695 0.075885547462595376 
0.0 0.0 0.0 0.0 0.0 0.0 0.0 0.0 0.0 0.0 0.0 0.0 -0.0053078640931321338 -0.0053078640931321338 -0.010615728186264268 -0.023695393304922759 -0.034121126377015178 -0.044356864334935756 -0.052128665360462109 -0.046820801267329973 -0.033741136148671483 -0.035878752944644036 -0.04546185062972128 -0.050253399472259902 -0.050253399472259902 -0.050253399472259902 -0.037690049604194927 -0.012563349868064976 0.0 0.0 0.0 0.0 0.0 0.0 0.0 0.0 0.0 0.0 0.0 0.0 0.0 0.0 0.0 0.0 0.015815464150931567 0.055658961626528669 0.06767297828886143 0.09170101161352695 0.10371502827585971 0.087899564124928137 
0.0 0.0 0.0 0.0 0.0 0.0 0.0 0.0 0.0 0.0 0.0 0.0 -0.0053078640931321338 -0.0053078640931321338 -0.020851466144184844 -0.033931131262843327 -0.044356864334935749 -0.054592602292856326 -0.06236440331838268 -0.046820801267329973 -0.033741136148671483 -0.035878752944644036 -0.04546185062972128 -0.050253399472259902 -0.075380099208389867 -0.075380099208389867 -0.062816749340324884 -0.037690049604194927 -0.025126699736129951 0.0 0.0 0.0 0.0 0.0 0.0 0.0 0.0 0.0 0.0 0.0 0.0 0.0 0.0 0.0 0.012014016662332764 0.051857514137929855 0.063871530800262616 0.087899564124928137 0.099913580787260897 0.099913580787260897 
0.0 0.0 0.0 0.0 0.0 0.0 0.0 0.0 0.0 0.0 0.0 0.0 -0.0053078640931321338 -0.0053078640931321338 -0.020851466144184844 -0.028623267169711197 -0.039049000241803619 -0.04928473819972419 -0.057056539225250544 -0.041512937174197836 -0.046304486016736458 -0.048442102812709012 -0.058025200497786256 -0.062816749340324884 -0.087943449076454849 -0.087943449076454849 -0.075380099208389867 -0.050253399472259902 -0.037690049604194927 -0.012563349868064976 0.0 0.0 0.0 0.0 0.0 0.0 0.0 0.0 0.0 0.0 0.0 0.0 0.0 0.0 0.012014016662332764 0.012014016662332764 0.024028033324665528 0.048056066649331056 0.060070083311663816 0.060070083311663816 
0.0 0.0 0.0 0.0 0.0 0.0 0.0 0.0 0.0 0.0 0.0 0.0 -0.0053078640931321338 -0.0053078640931321338 -0.020851466144184844 -0.028623267169711197 -0.028623267169711197 -0.038859005127631768 -0.046630806153158122 -0.031087204102105415 -0.035878752944644036 -0.042839631000544942 -0.052422728685622186 -0.057214277528160808 -0.082340977264290779 -0.082340977264290779 -0.075380099208389867 -0.050253399472259902 -0.037690049604194927 -0.012563349868064976 0.0 0.0 0.0 0.0 0.0 0.0 0.0 0.0 0.0 0.0 0.0 0.0 0.0 0.0 0.012014016662332764 0.012014016662332764 0.012014016662332764 0.036042049986998295 0.048056066649331056 0.048056066649331056 
0.0 0.0 0.0 0.0 0.0 0.0 0.0 0.0 0.0 0.0 0.0 0.0 0.0 0.0 -0.015543602051052707 -0.023315403076579061 -0.023315403076579061 -0.023315403076579061 -0.031087204102105415 -0.015543602051052707 -0.020335150893591329 -0.027296028949492235 -0.041217785061294046 -0.046009333903832668 -0.071136033639962626 -0.071136033639962626 -0.064175155584061713 -0.050253399472259902 -0.037690049604194927 -0.012563349868064976 0.0 0.0 0.0 0.0 0.0 0.0 0.0 0.0 0.0 0.0 0.0 0.0 0.0 0.0 0.012014016662332764 0.012014016662332764 0.012014016662332764 0.012014016662332764 0.024028033324665528 0.024028033324665528 
0.0 0.0 0.0 0.0 0.0 0.0 0.0 0.0 0.0 0.0 0.0 0.0 0.0 0.0 -0.015543602051052707 -0.023315403076579061 -0.023315403076579061 -0.023315403076579061 -0.023315403076579061 -0.0077718010255263537 -0.012563349868064976 -0.019524227923965881 -0.033445984035767692 -0.040406862091668598 -0.065533561827798556 -0.065533561827798556 -0.058572683771897643 -0.044650927660095832 -0.037690049604194927 -0.012563349868064976 0.0 0.0 0.0 0.0 0.0 0.0 0.0 0.0 0.0 0.0 0.0 0.0 0.0 0.0 0.012014016662332764 0.012014016662332764 0.012014016662332764 0.012014016662332764 0.017070856091435695 0.017070856091435695 
0.0 0.0 0.0 0.0 0.0 0.0 0.0 0.0 0.0 0.0 0.0 0.0 0.0 0.0 0.0 -0.0077718010255263537 -0.0077718010255263537 -0.0077718010255263537 -0.0077718010255263537 -0.021693557137328168 -0.026485105979866787 -0.033445984035767692 -0.047367740147569504 -0.054328618203470409 -0.040406862091668598 -0.040406862091668598 -0.033445984035767692 -0.019524227923965881 -0.012563349868064976 -0.012563349868064976 0.0 0.0 0.0 0.0 0.0 0.0 0.0 0.0 0.0 0.0 0.0 0.0 0.0 0.0 0.0 0.0 0.0 0.0 0.0050568394291029299 0.015170518287308789 
0.0 0.0 0.0 0.0 0.0 0.0 0.0 0.0 0.0 0.0 0.0 0.0 0.0 0.0 0.0 0.0 0.0 0.0 0.0 -0.013921756111801815 -0.027843512223603629 -0.034804390279504535 -0.048726146391306346 -0.055687024447207252 -0.041765268335405441 -0.027843512223603629 -0.020882634167702724 -0.0069608780559009074 0.0 0.0 0.0 0.0 0.0 0.0 0.0 0.0 0.0 0.0 0.0 0.0 0.0 0.0 0.0 0.0 0.0 0.01011367885820586 0.01011367885820586 0.01011367885820586 0.015170518287308789 0.02528419714551465 
0.0 0.0 0.0 0.0 0.0 0.0 0.0 0.0 0.0 0.0 0.0 0.0 0.0 0.0 0.0 0.0 0.0 0.0 0.0 -0.013921756111801815 -0.027843512223603629 -0.027843512223603629 -0.041765268335405441 -0.048726146391306346 -0.034804390279504535 -0.020882634167702724 -0.020882634167702724 -0.0069608780559009074 0.0 0.0 0.0 0.0 0.0 0.0 0.0 0.0 0.0 0.0 0.0 0.0 0.0 0.0 0.0 0.0 0.0 0.01011367885820586 0.015170518287308789 0.015170518287308789 0.02022735771641172 0.030341036574617581 
0.0 0.0 0.0 0.0 0.0 0.0 0.0 0.0 0.0 0.0 0.0 0.0 0.0 0.0 0.0 0.0 0.0 0.0 0.0 -0.013921756111801815 -0.027843512223603629 -0.027843512223603629 -0.027843512223603629 -0.034804390279504535 -0.020882634167702724 -0.0069608780559009074 -0.0069608780559009074 -0.0069608780559009074 0.0 0.0 0.0 0.0 0.0 0.0 0.0 0.0 0.0 0.0 0.0 0.0 0.0 0.0 0.0 0.0 0.0 0.01011367885820586 0.015170518287308789 0.02528419714551465 0.030341036574617581 0.040454715432823439 
0.0 0.0 0.0 0.0 0.0 0.0 0.0 0.0 0.0 0.0 0.0 0.0 0.0 0.0 0.0 0.0 0.0 0.0 0.0 -0.013921756111801815 -0.027843512223603629 -0.027843512223603629 -0.027843512223603629 -0.027843512223603629 -0.013921756111801815 0.0 0.0 0.0 0.0 0.0 0.0 0.0 0.0 0.0 0.0 0.0 0.0 0.0 0.0 0.0 0.0 0.0 0.0 0.0 0.0 0.01011367885820586 0.015170518287308789 0.02528419714551465 0.02528419714551465 0.035397876003720512 
0.0 0.0 0.0 0.0 0.0 0.0 0.0 0.0 0.0 0.0 0.0 0.0 0.0 0.0 0.0 0.0 0.0 0.0 0.0 0.0 -0.013921756111801815 -0.013921756111801815 -0.013921756111801815 -0.013921756111801815 -0.013921756111801815 0.0 0.0 0.0 0.0 0.0 0.0 0.0 0.0 0.0 0.0 0.0 0.0 0.0 0.0 0.0 0.0 0.0 0.0 0.0 0.0 0.01011367885820586 0.015170518287308789 0.02528419714551465 0.02528419714551465 0.02528419714551465 
