-6.979800000000000182e+03 
-5.349520000000000437e+03 
-4.151560000000000400e+03 
-3.496420000000000073e+03 
-2.745300000000000182e+03 
-2.787280000000000200e+03
-2.052480000000000018e+03
-2.018720000000000027e+03
-1.925140000000000100e+03
-1.848660000000000082e+03
-1.531579999999999927e+03
-1.727140000000000100e+03
-1.285559999999999945e+03
-1.335099999999999909e+03
-1.559740000000000009e+03
-1.274059999999999945e+03
-1.224299999999999955e+03
-1.064299999999999955e+03
-1.057160000000000082e+03
-1.014179999999999950e+03
-9.073799999999999955e+02
-9.275000000000000000e+02
-9.204400000000000546e+02
-8.471000000000000227e+02
-8.100199999999999818e+02
-7.675399999999999636e+02
-7.505000000000000000e+02
-7.708799999999999955e+02
-7.563799999999999955e+02
-7.128200000000000500e+02
-6.856000000000000227e+02
-6.883200000000000500e+02
-7.033400000000000318e+02
-6.365199999999999818e+02
-5.919800000000000182e+02
-6.086799999999999500e+02
-5.457799999999999727e+02
-5.530399999999999636e+02
-5.412200000000000273e+02
-5.132999999999999545e+02
-5.060199999999999818e+02
-5.590800000000000409e+02
-4.532599999999999909e+02
-4.848000000000000114e+02
-5.022599999999999909e+02
-4.235000000000000000e+02
-4.436600000000000250e+02
-4.716399999999999864e+02
-4.531999999999999886e+02
-4.282200000000000273e+02
-2.252700000000000000e+04
-2.162500000000000000e+04
-2.227200000000000000e+04
-2.051800000000000000e+04
-2.047300000000000000e+04
-1.841900000000000000e+04
-2.028300000000000000e+04
-1.898200000000000000e+04
-1.757000000000000000e+04
-1.868300000000000000e+04
-1.717900000000000000e+04
-1.738500000000000000e+04
-1.688700000000000000e+04
-1.606000000000000000e+04
-1.642100000000000000e+04
-1.593800000000000000e+04
-1.625200000000000000e+04
-1.547300000000000000e+04
-1.533000000000000000e+04
-1.490800000000000000e+04
-1.468100000000000000e+04
-1.479200000000000000e+04
-1.393200000000000000e+04
-1.468800000000000000e+04
-1.534200000000000000e+04
-1.445900000000000000e+04
-1.376400000000000000e+04
-1.378700000000000000e+04
-1.317400000000000000e+04
-1.397100000000000000e+04
-1.405000000000000000e+04
-1.394800000000000000e+04
-1.379500000000000000e+04
-1.343200000000000000e+04
-1.361700000000000000e+04
-1.301800000000000000e+04
-1.260300000000000000e+04
-1.295600000000000000e+04
-1.280800000000000000e+04
-1.246900000000000000e+04
-1.274600000000000000e+04
-1.282400000000000000e+04
-1.221200000000000000e+04
-1.275100000000000000e+04
-1.217100000000000000e+04
-1.256200000000000000e+04
-1.247100000000000000e+04
-1.212000000000000000e+04
-1.243000000000000000e+04
-1.275700000000000000e+04
-1.275800000000000000e+04
-1.228600000000000000e+04
-1.208200000000000000e+04
-1.214400000000000000e+04
-1.285500000000000000e+04
-1.217500000000000000e+04
-1.196900000000000000e+04
-1.255400000000000000e+04
-1.189600000000000000e+04
-1.213800000000000000e+04
-1.152000000000000000e+04
-1.224200000000000000e+04
-1.234000000000000000e+04
-1.161300000000000000e+04
-1.252400000000000000e+04
-1.222100000000000000e+04
-1.223000000000000000e+04
-1.229500000000000000e+04
-1.227200000000000000e+04
-1.215700000000000000e+04
-1.220200000000000000e+04
-1.205000000000000000e+04
-1.175400000000000000e+04
-1.201500000000000000e+04
-1.182300000000000000e+04
-1.214600000000000000e+04
-1.198700000000000000e+04
-1.250500000000000000e+04
-1.232700000000000000e+04
-1.208200000000000000e+04
-1.265800000000000000e+04
-1.194900000000000000e+04
-1.217600000000000000e+04
-1.146300000000000000e+04
-1.188200000000000000e+04
-1.201900000000000000e+04
-1.230700000000000000e+04
-1.238900000000000000e+04
-1.200100000000000000e+04
-1.174800000000000000e+04
-1.181700000000000000e+04
-1.214600000000000000e+04
-1.162400000000000000e+04
-1.196300000000000000e+04
-1.153400000000000000e+04
-1.191600000000000000e+04
-1.152300000000000000e+04
-1.157400000000000000e+04
-1.165200000000000000e+04
-1.182000000000000000e+04
-1.246800000000000000e+04
-1.223300000000000000e+04
-1.171300000000000000e+04
-1.227300000000000000e+04
-1.161600000000000000e+04
-1.164800000000000000e+04
-1.133500000000000000e+04
-1.204100000000000000e+04
-1.171800000000000000e+04
-1.155000000000000000e+04
-1.160000000000000000e+04
-1.189200000000000000e+04
-1.150300000000000000e+04
-1.177600000000000000e+04
-1.183600000000000000e+04
-1.197700000000000000e+04
-1.214000000000000000e+04
-1.171000000000000000e+04
-1.135400000000000000e+04
-1.214100000000000000e+04
-1.199000000000000000e+04
-1.200200000000000000e+04
-1.198200000000000000e+04
-1.175700000000000000e+04
-1.196400000000000000e+04
-1.176200000000000000e+04
-1.125700000000000000e+04
-1.199300000000000000e+04
-1.179200000000000000e+04
-1.233700000000000000e+04
-1.189800000000000000e+04
-1.180500000000000000e+04
-1.223500000000000000e+04
-1.186400000000000000e+04
-1.164100000000000000e+04
-1.203300000000000000e+04
-1.172200000000000000e+04
-1.227700000000000000e+04
-1.161200000000000000e+04
-1.171000000000000000e+04
-1.147300000000000000e+04
-1.167200000000000000e+04
-1.111100000000000000e+04
-1.157000000000000000e+04
-1.216800000000000000e+04
-1.206000000000000000e+04
-1.182400000000000000e+04
-1.207900000000000000e+04
-1.159700000000000000e+04
-1.180300000000000000e+04
