-6979.80
-5349.52
-4151.56
-3496.42
-2745.30
-2787.28
-2052.48
-2018.72
-1925.14
-1848.66
-1531.58
-1727.14
-1285.56
-1335.10
-1559.74
-1274.06
-1224.30
-1064.30
-1057.16
-1014.18
-907.38
-927.50
-920.44
-847.10
-810.02
-767.54
-750.50
-770.88
-756.38
-712.82
-685.60
-688.32
-703.34
-636.52
-591.98
-608.68
-545.78
-553.04
-541.22
-513.30
-506.02
-559.08
-453.26
-484.80
-502.26
-423.50
-443.66
-471.64
-453.20
-428.22
-450.54
-432.5
-445.44
-410.36
-409.46
-368.38
-405.66
-379.64
-351.4
-373.66
-343.58
-347.7
-337.74
-321.2
-328.42
-318.76
-325.04
-309.46
-306.6
-298.16
-293.62
-295.84
-278.64
-293.76
-306.84
-289.18
-275.28
-275.74
-263.48
-279.42
-281
-278.96
-275.9
-268.64
-272.34
-260.36
-252.06
-259.12
-256.16
-249.38
-254.92
-256.48
-244.24
-255.02
-243.42
-251.24
-249.42
-242.4
-248.6
-255.14
-255.16
-245.72
-241.64
-242.88
-257.1
-243.5
-239.38
-251.08
-237.92
-242.76
-230.4
-244.84
-246.8
-232.26
-250.48
-244.42
-244.6
-245.9
-245.44
-243.14
-244.04
-241
-235.08
-240.3
-236.46
-242.92
-239.74
-250.1
-246.54
-241.64
-253.16
-238.98
-243.52
-229.26
-237.64
-240.38
-246.14
-247.78
-240.02
-234.96
-236.34
-242.92
-232.48
-239.26
-230.68
-238.32
-230.46
-231.48
-233.04
-236.4
-249.36
-244.66
-234.26
-245.46
-232.32
-232.96
-226.7
-240.82
-234.36
-231
-232
-237.84
-230.06
-235.52
-236.72
-239.54
-242.8
-234.2
-227.08
-242.82
-239.8
-240.04
-239.64
-235.14
-239.28
-235.24
-225.14
-239.86
-235.84
-246.74
-237.96
-236.1
-244.7
-237.28
-232.82
-240.66
-234.44
-245.54
-232.24
-234.2
-229.46
-233.44
-222.22
-231.4
-243.36
-241.2
-236.48
-241.58
-231.94
-236.06

